52
0 150 240 250 250 300 350 450 500 550 570 540 550 670 630 750 800 650 600 770 300 720 670 650 1250 1040 1340 1440 1430 1440 1520 2120 1530 1540 1300 1800 1300 1700 1800 2000 2500 2700 2850 2450 2350 2250 2450 2550 2550 3050 3250 2840 
150 0 390 100 100 150 200 300 350 400 420 390 400 520 480 600 650 500 450 620 150 570 520 500 1100 1190 1490 1590 1580 1590 1670 2270 1680 1690 1150 1650 1150 1550 1650 1850 2350 2550 2700 2300 2200 2100 2300 2400 2400 2900 3100 2990 
240 390 0 490 490 540 590 690 740 790 810 780 790 910 870 990 1040 890 840 1010 540 960 910 890 1490 800 1100 1200 1190 1200 1280 1880 1290 1300 1540 2040 1540 1940 2040 2240 2740 2940 3090 2690 2590 2490 2690 2790 2790 3290 3400 2600 
250 100 490 0 200 250 300 400 450 500 520 490 500 620 580 700 750 600 550 720 50 670 620 600 1200 1290 1590 1690 1680 1690 1770 2370 1780 1790 1250 1750 1250 1650 1750 1950 2450 2650 2800 2400 2300 2200 2400 2500 2500 3000 3200 3090 
250 100 490 200 0 50 100 200 250 300 320 290 300 420 380 500 550 400 350 520 250 470 420 400 1000 1290 1590 1690 1680 1690 1770 2370 1750 1650 1050 1550 1050 1450 1550 1750 2250 2450 2600 2200 2100 2000 2200 2300 2300 2800 3000 2950 
300 150 540 250 50 0 50 150 200 250 270 240 250 370 330 450 500 350 300 470 300 420 370 350 950 1340 1640 1740 1730 1700 1820 2420 1700 1600 1000 1500 1000 1400 1500 1700 2200 2400 2550 2150 2050 1950 2150 2250 2250 2750 2950 2900 
350 200 590 300 100 50 0 100 150 200 220 190 200 320 280 400 450 300 250 420 350 370 320 300 900 1390 1690 1790 1750 1650 1870 2470 1650 1550 950 1450 950 1350 1450 1650 2150 2350 2500 2100 2000 1900 2100 2200 2200 2700 2900 2850 
450 300 690 400 200 150 100 0 250 300 320 290 300 420 340 500 550 400 350 520 450 350 300 320 920 1490 1790 1890 1850 1750 1970 2570 1750 1650 1050 1550 1050 1450 1550 1750 2250 2450 2520 2120 2020 1920 2120 2220 2220 2720 2920 2950 
500 350 740 450 250 200 150 250 0 50 70 40 50 170 130 250 300 150 100 270 500 220 170 150 750 1540 1600 1700 1600 1500 1780 2380 1500 1400 800 1300 800 1200 1300 1500 2000 2200 2350 1950 1850 1750 1950 2050 2050 2550 2750 2700 
550 400 790 500 300 250 200 300 50 0 100 90 100 200 180 280 330 180 130 300 550 270 220 200 800 1590 1630 1730 1630 1530 1810 2410 1530 1430 830 1330 830 1230 1330 1530 2030 2230 2400 2000 1900 1800 2000 2100 2100 2600 2800 2730 
570 420 810 520 320 270 220 320 70 100 0 110 120 100 200 180 230 80 30 200 570 290 240 220 820 1610 1530 1630 1530 1430 1710 2310 1430 1330 730 1230 730 1130 1230 1430 1930 2130 2420 2020 1920 1820 2020 2120 2120 2620 2820 2630 
540 390 780 490 290 240 190 290 40 90 110 0 10 210 90 290 340 190 140 310 540 180 130 110 710 1580 1640 1740 1640 1540 1820 2420 1540 1440 840 1340 840 1240 1340 1540 2040 2240 2310 1910 1810 1710 1910 2010 2010 2510 2710 2740 
550 400 790 500 300 250 200 300 50 100 120 10 0 220 80 280 330 200 150 320 550 170 120 100 700 1590 1630 1730 1630 1530 1810 2410 1530 1430 830 1330 830 1230 1330 1530 2030 2230 2300 1900 1800 1700 1900 2000 2000 2500 2700 2730 
670 520 910 620 420 370 320 420 170 200 100 210 220 0 300 150 200 180 130 300 670 390 340 320 920 1710 1500 1600 1500 1400 1680 2280 1400 1300 700 1200 700 1100 1200 1400 1900 2100 2400 2000 2020 1920 2120 2100 2220 2720 2920 2600 
630 480 870 580 380 330 280 340 130 180 200 90 80 300 0 200 250 280 230 400 630 90 40 20 620 1670 1550 1650 1550 1450 1730 2330 1450 1350 750 1250 750 1150 1250 1450 1950 2150 2220 1820 1720 1620 1820 1920 1920 2420 2620 2650 
750 600 990 700 500 450 400 500 250 280 180 290 280 150 200 0 50 200 150 380 750 290 240 220 820 1650 1350 1450 1350 1250 1530 2130 1250 1150 550 1050 550 950 1050 1250 1750 1950 2250 1850 1920 1820 2020 1950 2120 2620 2820 2450 
800 650 1040 750 550 500 450 550 300 330 230 340 330 200 250 50 0 150 200 430 800 340 290 270 870 1600 1300 1400 1300 1200 1480 2080 1200 1100 500 1000 500 900 1000 1200 1700 1900 2200 1800 1900 1870 2070 1900 2170 2670 2870 2400 
650 500 890 600 400 350 300 400 150 180 80 190 200 180 280 200 150 0 50 280 650 370 320 300 900 1690 1450 1550 1450 1350 1630 2230 1350 1250 650 1150 650 1050 1150 1350 1850 2050 2350 1950 2000 1900 2100 2050 2200 2700 2900 2550 
600 450 840 550 350 300 250 350 100 130 30 140 150 130 230 150 200 50 0 230 600 320 270 250 850 1640 1500 1600 1500 1400 1680 2280 1400 1300 700 1200 700 1100 1200 1400 1900 2100 2400 2000 1950 1850 2050 2100 2150 2650 2850 2600 
770 620 1010 720 520 470 420 520 270 300 200 310 320 300 400 380 430 280 230 0 770 490 440 420 1020 1810 1730 1830 1730 1630 1910 2510 1630 1530 930 1430 930 1330 1430 1630 2130 2330 2620 2220 2120 2020 2220 2320 2320 2820 3020 2830 
300 150 540 50 250 300 350 450 500 550 570 540 550 670 630 750 800 650 600 770 0 720 670 650 1250 1340 1640 1740 1730 1740 1820 2420 1830 1840 1300 1800 1300 1700 1800 2000 2500 2700 2850 2450 2350 2250 2450 2550 2550 3050 3250 3140 
720 570 960 670 470 420 370 350 220 270 290 180 170 390 90 290 340 370 320 490 720 0 50 70 670 1760 1640 1740 1640 1540 1820 2420 1540 1440 840 1340 840 1240 1340 1540 2040 2240 2270 1870 1770 1670 1870 1970 1970 2470 2670 2740 
670 520 910 620 420 370 320 300 170 220 240 130 120 340 40 240 290 320 270 440 670 50 0 20 620 1710 1590 1690 1590 1490 1770 2370 1490 1390 790 1290 790 1190 1290 1490 1990 2190 2220 1820 1720 1620 1820 1920 1920 2420 2620 2690 
650 500 890 600 400 350 300 320 150 200 220 110 100 320 20 220 270 300 250 420 650 70 20 0 600 1690 1570 1670 1570 1470 1750 2350 1470 1370 770 1270 770 1170 1270 1470 1970 2170 2200 1800 1700 1600 1800 1900 1900 2400 2600 2670 
1250 1100 1490 1200 1000 950 900 920 750 800 820 710 700 920 620 820 870 900 850 1020 1250 670 620 600 0 1800 2100 2200 2170 2070 2280 2880 2070 1970 1370 1870 1370 1770 1870 1800 2300 2500 1600 1200 1100 1000 1200 1300 1300 1800 2000 2200 
1040 1190 800 1290 1290 1340 1390 1490 1540 1590 1610 1580 1590 1710 1670 1650 1600 1690 1640 1810 1340 1760 1710 1690 1800 0 300 400 390 400 480 1080 490 500 1100 1280 1250 1650 1750 1950 2450 2280 2400 2550 2650 2750 2950 2650 3050 2800 2600 1800 
1340 1490 1100 1590 1590 1640 1690 1790 1600 1630 1530 1640 1630 1500 1550 1350 1300 1450 1500 1730 1640 1640 1590 1570 2100 300 0 100 90 100 180 780 190 200 800 980 950 1350 1450 1650 2150 1980 2100 2250 2350 2450 2650 2350 2750 2500 2300 1500 
1440 1590 1200 1690 1690 1740 1790 1890 1700 1730 1630 1740 1730 1600 1650 1450 1400 1550 1600 1830 1740 1740 1690 1670 2200 400 100 0 190 200 80 680 290 300 900 880 1050 1450 1550 1750 2080 1880 2000 2350 2450 2550 2750 2450 2850 2400 2200 1400 
1430 1580 1190 1680 1680 1730 1750 1850 1600 1630 1530 1640 1630 1500 1550 1350 1300 1450 1500 1730 1730 1640 1590 1570 2170 390 90 190 0 190 270 870 100 200 800 1070 950 1350 1450 1650 2150 2070 2190 2250 2350 2450 2650 2350 2750 2590 2390 1590 
1440 1590 1200 1690 1690 1700 1650 1750 1500 1530 1430 1540 1530 1400 1450 1250 1200 1350 1400 1630 1740 1540 1490 1470 2070 400 100 200 190 0 280 880 200 100 700 1080 850 1250 1350 1550 2050 2080 2200 2150 2250 2350 2550 2250 2650 2600 2400 1600 
1520 1670 1280 1770 1770 1820 1870 1970 1780 1810 1710 1820 1810 1680 1730 1530 1480 1630 1680 1910 1820 1820 1770 1750 2280 480 180 80 270 280 0 600 370 380 980 800 1130 1530 1630 1830 2000 1800 2080 2430 2530 2630 2830 2530 2930 2480 2280 1480 
2120 2270 1880 2370 2370 2420 2470 2570 2380 2410 2310 2420 2410 2280 2330 2130 2080 2230 2280 2510 2420 2420 2370 2350 2880 1080 780 680 870 880 600 0 970 980 1580 1400 1730 2130 2230 2400 1900 1700 1800 2200 2300 2400 2600 2300 2700 2200 2000 1200 
1530 1680 1290 1780 1750 1700 1650 1750 1500 1530 1430 1540 1530 1400 1450 1250 1200 1350 1400 1630 1830 1540 1490 1470 2070 490 190 290 100 200 370 970 0 100 700 1170 850 1250 1350 1550 2050 2170 2290 2150 2250 2350 2550 2250 2650 2690 2490 1690 
1540 1690 1300 1790 1650 1600 1550 1650 1400 1430 1330 1440 1430 1300 1350 1150 1100 1250 1300 1530 1840 1440 1390 1370 1970 500 200 300 200 100 380 980 100 0 600 1100 750 1150 1250 1450 1950 2100 2300 2050 2150 2250 2450 2150 2550 2700 2500 1700 
1300 1150 1540 1250 1050 1000 950 1050 800 830 730 840 830 700 750 550 500 650 700 930 1300 840 790 770 1370 1100 800 900 800 700 980 1580 700 600 0 500 150 550 650 850 1350 1500 1850 1450 1550 1650 1850 1550 1950 2450 2650 2000 
1800 1650 2040 1750 1550 1500 1450 1550 1300 1330 1230 1340 1330 1200 1250 1050 1000 1150 1200 1430 1800 1340 1290 1270 1870 1280 980 880 1070 1080 800 1400 1170 1100 500 0 500 800 900 1100 1200 1000 1900 1700 1800 1900 2100 1800 2200 2500 2300 1500 
1300 1150 1540 1250 1050 1000 950 1050 800 830 730 840 830 700 750 550 500 650 700 930 1300 840 790 770 1370 1250 950 1050 950 850 1130 1730 850 750 150 500 0 400 500 700 1200 1400 1700 1300 1400 1500 1700 1400 1800 2300 2500 1900 
1700 1550 1940 1650 1450 1400 1350 1450 1200 1230 1130 1240 1230 1100 1150 950 900 1050 1100 1330 1700 1240 1190 1170 1770 1650 1350 1450 1350 1250 1530 2130 1250 1150 550 800 400 0 100 300 800 1000 1300 900 1000 1100 1300 1000 1400 1900 2100 1500 
1800 1650 2040 1750 1550 1500 1450 1550 1300 1330 1230 1340 1330 1200 1250 1050 1000 1150 1200 1430 1800 1340 1290 1270 1870 1750 1450 1550 1450 1350 1630 2230 1350 1250 650 900 500 100 0 200 700 900 1200 800 900 1000 1200 900 1300 1800 2000 1400 
2000 1850 2240 1950 1750 1700 1650 1750 1500 1530 1430 1540 1530 1400 1450 1250 1200 1350 1400 1630 2000 1540 1490 1470 1800 1950 1650 1750 1650 1550 1830 2400 1550 1450 850 1100 700 300 200 0 500 700 1000 600 700 800 1000 700 1100 1600 1800 1200 
2500 2350 2740 2450 2250 2200 2150 2250 2000 2030 1930 2040 2030 1900 1950 1750 1700 1850 1900 2130 2500 2040 1990 1970 2300 2450 2150 2080 2150 2050 2000 1900 2050 1950 1350 1200 1200 800 700 500 0 200 700 1100 1200 1300 1500 1200 1600 1400 1500 700 
2700 2550 2940 2650 2450 2400 2350 2450 2200 2230 2130 2240 2230 2100 2150 1950 1900 2050 2100 2330 2700 2240 2190 2170 2500 2280 1980 1880 2070 2080 1800 1700 2170 2100 1500 1000 1400 1000 900 700 200 0 900 1300 1400 1500 1700 1400 1800 1500 1300 500 
2850 2700 3090 2800 2600 2550 2500 2520 2350 2400 2420 2310 2300 2400 2220 2250 2200 2350 2400 2620 2850 2270 2220 2200 1600 2400 2100 2000 2190 2200 2080 1800 2290 2300 1850 1900 1700 1300 1200 1000 700 900 0 400 500 600 800 500 900 700 900 600 
2450 2300 2690 2400 2200 2150 2100 2120 1950 2000 2020 1910 1900 2000 1820 1850 1800 1950 2000 2220 2450 1870 1820 1800 1200 2550 2250 2350 2250 2150 2430 2200 2150 2050 1450 1700 1300 900 800 600 1100 1300 400 0 100 200 400 100 500 1000 1200 1000 
2350 2200 2590 2300 2100 2050 2000 2020 1850 1900 1920 1810 1800 2020 1720 1920 1900 2000 1950 2120 2350 1770 1720 1700 1100 2650 2350 2450 2350 2250 2530 2300 2250 2150 1550 1800 1400 1000 900 700 1200 1400 500 100 0 100 300 200 400 900 1100 1100 
2250 2100 2490 2200 2000 1950 1900 1920 1750 1800 1820 1710 1700 1920 1620 1820 1870 1900 1850 2020 2250 1670 1620 1600 1000 2750 2450 2550 2450 2350 2630 2400 2350 2250 1650 1900 1500 1100 1000 800 1300 1500 600 200 100 0 200 300 300 800 1000 1200 
2450 2300 2690 2400 2200 2150 2100 2120 1950 2000 2020 1910 1900 2120 1820 2020 2070 2100 2050 2220 2450 1870 1820 1800 1200 2950 2650 2750 2650 2550 2830 2600 2550 2450 1850 2100 1700 1300 1200 1000 1500 1700 800 400 300 200 0 500 100 600 800 1400 
2550 2400 2790 2500 2300 2250 2200 2220 2050 2100 2120 2010 2000 2100 1920 1950 1900 2050 2100 2320 2550 1970 1920 1900 1300 2650 2350 2450 2350 2250 2530 2300 2250 2150 1550 1800 1400 1000 900 700 1200 1400 500 100 200 300 500 0 600 1100 1300 1100 
2550 2400 2790 2500 2300 2250 2200 2220 2050 2100 2120 2010 2000 2220 1920 2120 2170 2200 2150 2320 2550 1970 1920 1900 1300 3050 2750 2850 2750 2650 2930 2700 2650 2550 1950 2200 1800 1400 1300 1100 1600 1800 900 500 400 300 100 600 0 500 700 1500 
3050 2900 3290 3000 2800 2750 2700 2720 2550 2600 2620 2510 2500 2720 2420 2620 2670 2700 2650 2820 3050 2470 2420 2400 1800 2800 2500 2400 2590 2600 2480 2200 2690 2700 2450 2500 2300 1900 1800 1600 1400 1500 700 1000 900 800 600 1100 500 0 200 1000 
3250 3100 3400 3200 3000 2950 2900 2920 2750 2800 2820 2710 2700 2920 2620 2820 2870 2900 2850 3020 3250 2670 2620 2600 2000 2600 2300 2200 2390 2400 2280 2000 2490 2500 2650 2300 2500 2100 2000 1800 1500 1300 900 1200 1100 1000 800 1300 700 200 0 800 
2840 2990 2600 3090 2950 2900 2850 2950 2700 2730 2630 2740 2730 2600 2650 2450 2400 2550 2600 2830 3140 2740 2690 2670 2200 1800 1500 1400 1590 1600 1480 1200 1690 1700 2000 1500 1900 1500 1400 1200 700 500 600 1000 1100 1200 1400 1100 1500 1000 800 0 
