20
0 162 125 145 198 53 89 28 91 189 34 197 94 1 86 19 124 172 164 18 
162 0 92 2 170 167 188 13 13 89 57 70 24 123 103 13 46 79 22 103 
125 92 0 148 42 200 66 55 56 79 38 34 48 121 189 141 14 88 142 158 
145 2 148 0 32 47 165 125 130 27 26 6 164 151 124 181 143 147 173 116 
198 170 42 32 0 142 75 37 92 61 168 11 150 155 32 144 136 193 92 91 
53 167 200 47 142 0 193 180 134 98 196 98 41 2 70 195 145 47 89 74 
89 188 66 165 75 193 0 124 9 95 128 54 25 130 158 129 11 39 121 85 
28 13 55 125 37 180 124 0 81 111 57 32 33 131 124 117 128 112 5 141 
91 13 56 130 92 134 9 81 0 31 74 12 141 117 135 143 61 36 94 30 
189 89 79 27 61 98 95 111 31 0 134 134 161 24 82 10 11 159 166 25 
34 57 38 26 168 196 128 57 74 134 0 34 43 194 35 134 11 120 150 170 
197 70 34 6 11 98 54 32 12 134 34 0 194 129 25 181 44 53 50 91 
94 24 48 164 150 41 25 33 141 161 43 194 0 150 22 162 30 108 167 50 
1 123 121 151 155 2 130 131 117 24 194 129 150 0 182 67 106 59 84 112 
86 103 189 124 32 70 158 124 135 82 35 25 22 182 0 14 184 79 116 21 
19 13 141 181 144 195 129 117 143 10 134 181 162 67 14 0 45 71 15 123 
124 46 14 143 136 145 11 128 61 11 11 44 30 106 184 45 0 42 69 139 
172 79 88 147 193 47 39 112 36 159 120 53 108 59 79 71 42 0 159 176 
164 22 142 173 92 89 121 5 94 166 150 50 167 84 116 15 69 159 0 64 
18 103 158 116 91 74 85 141 30 25 170 91 50 112 21 123 139 176 64 0 
